1888 6
1890 5
1892 7
1894 9
1895 5
1897 5
1898 6
1900 13
1901 7
1903 10
1904 7
1905 5
1906 12
1907 8
1908 11
1909 16
1910 19
1911 33
1912 45
1913 44
1914 48
1915 53
1916 46
1917 38
1918 63
1919 55
1920 44
1921 395
1922 42
1923 36
1924 45
1925 26
1926 35
1927 295
1928 24
1929 27
1930 19
1931 25
1932 31
1933 35
1934 22
1935 25
1936 35
1937 32
1938 21
1939 32
1940 24
1941 30
1942 565
1943 416
1944 477
1945 41
1946 56
1947 73
1948 889
1949 11521
1950 11716
1951 15418
1952 18028
1953 17931
1954 23634
1955 29834
1956 35262
1957 36858
1958 37463
1959 39886
1960 34776
1961 36060
1962 51779
1963 36965
1964 39467
1965 44266
1966 56397
1967 503114
1968 552145
1969 677190
1970 899242
1971 1126316
1972 1190542
1973 1277619
1974 1729822
1975 1960856
1976 2126811
1977 2596950
1978 30031532
1979 30821957
1980 32152172
1981 35182420
1982 34302476
1983 32292556
1984 35112582
1985 34902478
1986 37623423
1987 39263581
1988 40383150
1989 38503079
1990 41323261
1991 41073070
1992 35743007
1993 31792580
1994 30462691
1995 26292638
1996 24642550
1997 20972195
1998 19752103
1999 20431802
2000 18221517
2001 15551283
2002 13991031
2003 1253987
2004 1271817
2005 1101770
2006 1070770
2007 985696
2008 976678
2009 829571
2010 706484
2011 648466
2012 557355
2013 559378
2014 523353
2015 517343
2016 514329
2017 545293
2018 469293
2019 539296
2020 552233
2021 684251
2022 1004285
2023 1050239
2024 1096236
