1880 730
1881 6685
1882 7536
1883 64310
1884 7467
1885 7059
1886 72311
1887 64211
1888 79613
1889 68511
1890 79712
1891 70716
1892 76119
1893 69110
1894 70417
1895 76717
1896 71414
1897 71423
1898 72823
1899 67833
1900 112427
1901 65428
1902 76135
1903 73937
1904 73928
1905 80139
1906 74428
1907 79343
1908 74043
1909 83339
1910 110765
1911 97844
1912 144679
1913 161876
1914 1906101
1915 2193126
1916 2416119
1917 2536151
1918 2743178
1919 2891199
1920 2785197
1921 2574139
1922 2655181
1923 2471183
1924 2507175
1925 2578182
1926 2446200
1927 2512201
1928 2462188
1929 2186185
1930 2113179
1931 1975160
1932 2127161
1933 1978161
1934 1892135
1935 1926128
1936 1837130
1937 1757161
1938 1801140
1939 1748136
1940 1762134
1941 1756111
1942 1869118
1943 1835146
1944 1881132
1945 1725111
1946 1788113
1947 1913117
1948 1902113
1949 1833115
1950 1678102
1951 1686102
1952 166383
1953 153580
1954 145983
1955 143672
1956 152973
1957 145472
1958 142655
1959 141851
1960 124645
1961 122344
1962 122241
1963 116443
1964 107033
1965 96429
1966 83631
1967 80432
1968 74025
1969 77224
1970 76921
1971 69512
1972 64110
1973 61220
1974 55319
1975 56525
1976 56659
1977 61081
1978 66062
1979 69771
1980 59671
1981 61561
1982 51757
1983 55643
1984 54074
1985 54879
1986 538108
1987 533109
1988 501121
1989 52286
1990 537120
1991 518131
1992 48792
1993 441104
1994 447111
1995 510117
1996 459137
1997 469135
1998 495132
1999 548136
2000 528129
2001 553138
2002 599170
2003 709175
2004 812223
2005 934257
2006 931355
2007 956367
2008 1090405
2009 1255490
2010 1431671
2011 1520856
2012 15371045
2013 15641327
2014 16951438
2015 16741561
2016 17111766
2017 17931913
2018 17301850
2019 18302085
2020 18702238
2021 20052220
2022 21052335
2023 20912235
2024 20842109
