1953 6
1954 7
1955 12
1956 10
1957 11
1958 22
1959 30
1960 39
1961 32
1962 20
1963 33
1964 38
1965 47
1966 62
1967 635
1968 121
1969 2289
1970 3159
1971 2579
1972 3026
1973 2775
1974 38410
1975 4548
1976 3995
1977 5305
1978 4808
1979 63911
1980 82316
1981 73121
1982 7009
1983 77721
1984 97121
1985 133123
1986 183335
1987 199737
1988 215855
1989 285362
1990 441477
1991 9763116
1992 15063163
1993 12687257
1994 12530207
1995 12089174
1996 12036158
1997 12968183
1998 14540175
1999 15980129
2000 15405128
2001 16497199
2002 14821256
2003 15703572
2004 14851620
2005 13781468
2006 13171380
2007 12811420
2008 11706581
2009 11371546
2010 10518508
2011 9787598
2012 10000594
2013 10126612
2014 10416828
2015 10296815
2016 9716842
2017 9315894
2018 8606776
2019 7554729
2020 6851616
2021 6759536
2022 6724524
2023 7054451
2024 7464404
