1880 244411
1881 233913
1882 257917
1883 238312
1884 247411
1885 240619
1886 240414
1887 222810
1888 259625
1889 228618
1890 234919
1891 204922
1892 245224
1893 216224
1894 227817
1895 222115
1896 218314
1897 199415
1898 214516
1899 183121
1900 260625
1901 187017
1902 215414
1903 192218
1904 208514
1905 212619
1906 211223
1907 220314
1908 228327
1909 241127
1910 289928
1911 316730
1912 564330
1913 639136
1914 811059
1915 1013872
1916 1065682
1917 1069680
1918 1135487
1919 1061396
1920 1130566
1921 1141197
1922 1120780
1923 1106781
1924 1119696
1925 10617110
1926 9996106
1927 9868105
1928 931381
1929 8572100
1930 859496
1931 780582
1932 747068
1933 672652
1934 673560
1935 685662
1936 644553
1937 666869
1938 655753
1939 656248
1940 682055
1941 716566
1942 756265
1943 763047
1944 697449
1945 660547
1946 731739
1947 780846
1948 742053
1949 718234
1950 696434
1951 711936
1952 697534
1953 666141
1954 640342
1955 619035
1956 597038
1957 573436
1958 515629
1959 505836
1960 496639
1961 462044
1962 434527
1963 418327
1964 412323
1965 380324
1966 357329
1967 333325
1968 312926
1969 305822
1970 312725
1971 294820
1972 241927
1973 235821
1974 232031
1975 208925
1976 212723
1977 213515
1978 204416
1979 194617
1980 206920
1981 218622
1982 208016
1983 195327
1984 203217
1985 206915
1986 199423
1987 208718
1988 208215
1989 217416
1990 225319
1991 226012
1992 23449
1993 248415
1994 24207
1995 25445
1996 255610
1997 26567
1998 28005
1999 29277
2000 31276
2001 32058
2002 3337
2003 34787
2004 391917
2005 418314
2006 46737
2007 51215
2008 57859
2009 58998
2010 64058
2011 72347
2012 807310
2013 88829
2014 944010
2015 1018210
2016 1038912
2017 1047811
2018 1071116
2019 107639
2020 1078113
2021 1136315
2022 1126212
2023 109419
2024 1154714
