1880 234
1881 238
1882 244
1883 219
1884 245
1885 258
1886 230
1887 203
1888 206
1889 210
1890 218
1891 212
1892 238
1893 214
1894 222
1895 216
1896 194
1897 174
1898 186
1899 161
1900 256
1901 187
1902 181
1903 210
1904 200
1905 2119
1906 183
1907 207
1908 207
1909 246
1910 307
1911 3335
1912 6467
1913 644
1914 86112
1915 11319
1916 110315
1917 117510
1918 124810
1919 120911
1920 116411
1921 119410
1922 121410
1923 122110
1924 117211
1925 104913
1926 10655
1927 100212
1928 9348
1929 88511
1930 8509
1931 7786
1932 7416
1933 595
1934 7329
1935 6479
1936 591
1937 6096
1938 568
1939 5986
1940 5827
1941 600
1942 6135
1943 66815
1944 5657
1945 5585
1946 6196
1947 6245
1948 63111
1949 5976
1950 556
1951 552
1952 55511
1953 5218
1954 536
1955 507
1956 4835
1957 452
1958 453
1959 3718
1960 371
1961 348
1962 311
1963 359
1964 367
1965 302
1966 3385
1967 290
1968 3257
1969 3287
1970 366
1971 4166
1972 3685
1973 3747
1974 347
1975 355
1976 3375
1977 3387
1978 4228
1979 408
1980 3937
1981 4036
1982 455
1983 434
1984 3977
1985 371
1986 3386
1987 4616
1988 440
1989 460
1990 625
1991 582
1992 664
1993 6655
1994 643
1995 597
1996 607
1997 669
1998 7345
1999 782
2000 978
2001 978
2002 11665
2003 13745
2004 14916
2005 1793
2006 2351
2007 29107
2008 360311
2009 42877
2010 46647
2011 54129
2012 59219
2013 727512
2014 944713
2015 1166720
2016 1306518
2017 1322215
2018 1349219
2019 1396222
2020 1427023
2021 1469626
2022 1514128
2023 1474127
2024 1534325
