1925 7
1926 5
1930 7
1932 5
1933 7
1934 8
1935 12
1936 12
1937 13
1938 18
1939 195
1940 35
1941 33
1942 455
1943 48
1944 47
1945 50
1946 55
1947 976
1948 120
1949 1296
1950 16210
1951 1546
1952 21211
1953 38010
1954 41611
1955 48812
1956 57523
1957 77618
1958 101114
1959 127822
1960 142222
1961 171930
1962 183819
1963 219623
1964 300638
1965 459738
1966 649064
1967 749762
1968 917588
1969 934379
1970 1034476
1971 1050977
1972 945158
1973 855257
1974 829460
1975 758962
1976 756351
1977 762747
1978 706246
1979 685454
1980 759951
1981 889360
1982 935963
1983 961692
1984 1002372
1985 1145498
1986 1178695
1987 1145388
1988 11793103
1989 1189688
1990 1201752
1991 1118076
1992 1106596
1993 1017673
1994 883762
1995 816554
1996 789748
1997 774453
1998 771235
1999 720538
2000 731650
2001 722435
2002 702825
2003 710235
2004 676830
2005 599727
2006 664321
2007 624110
2008 547127
2009 433813
2010 374311
2011 31909
2012 277614
2013 220114
2014 2125
2015 18917
2016 16706
2017 1481
2018 13255
2019 1127
2020 9728
2021 899
2022 800
2023 739
2024 7268
