1880 14216
1881 12916
1882 1469
1883 1659
1884 14211
1885 17010
1886 15510
1887 1448
1888 16810
1889 14415
1890 17615
1891 11322
1892 17417
1893 16317
1894 16811
1895 17818
1896 17618
1897 14922
1898 17118
1899 14412
1900 21823
1901 13417
1902 17528
1903 16219
1904 20121
1905 19617
1906 20916
1907 20020
1908 25324
1909 23312
1910 35314
1911 43224
1912 100326
1913 107343
1914 133739
1915 161563
1916 165954
1917 172755
1918 187960
1919 171560
1920 161054
1921 158861
1922 161851
1923 154362
1924 150258
1925 134544
1926 135069
1927 138154
1928 120660
1929 105855
1930 107648
1931 93748
1932 96057
1933 94877
1934 93278
1935 97393
1936 95281
1937 90563
1938 87689
1939 86163
1940 92774
1941 89183
1942 1000116
1943 1016137
1944 90185
1945 82889
1946 101090
1947 1099116
1948 99173
1949 94688
1950 107678
1951 102797
1952 1019109
1953 101389
1954 102494
1955 102392
1956 95481
1957 84486
1958 82894
1959 82572
1960 84992
1961 84257
1962 78159
1963 67265
1964 73157
1965 63853
1966 61566
1967 59353
1968 57337
1969 54832
1970 51039
1971 44529
1972 46234
1973 38125
1974 36629
1975 34741
1976 34423
1977 34540
1978 29636
1979 32231
1980 35329
1981 33541
1982 33349
1983 33051
1984 31164
1985 35183
1986 31175
1987 32296
1988 342123
1989 345170
1990 368207
1991 383325
1992 386366
1993 401420
1994 393568
1995 412883
1996 375828
1997 3831009
1998 3741140
1999 3531218
2000 3331221
2001 3151053
2002 274939
2003 285951
2004 267836
2005 222834
2006 255745
2007 254668
2008 270583
2009 254571
2010 259432
2011 231413
2012 226323
2013 210282
2014 167295
2015 180269
2016 196260
2017 177225
2018 168215
2019 176179
2020 166141
2021 132164
2022 166165
2023 159127
2024 137117
