1880 72
1881 73
1882 82
1883 67
1884 78
1885 59
1886 71
1887 52
1888 62
1889 44
1890 67
1891 58
1892 56
1893 66
1894 43
1895 71
1896 73
1897 44
1898 60
1899 59
1900 89
1901 51
1902 69
1903 63
1904 78
1905 73
1906 68
1907 83
1908 79
1909 106
1910 112
1911 129
1912 496
1913 6596
1914 605
1915 7675
1916 9127
1917 9216
1918 1381
1919 853
1920 5837
1921 6015
1922 5606
1923 5328
1924 543
1925 445
1926 464
1927 4608
1928 434
1929 400
1930 430
1931 339
1932 350
1933 349
1934 352
1935 341
1936 392
1937 352
1938 390
1939 401
1940 447
1941 450
1942 466
1943 461
1944 4555
1945 398
1946 429
1947 439
1948 437
1949 377
1950 352
1951 355
1952 356
1953 359
1954 333
1955 337
1956 305
1957 355
1958 318
1959 313
1960 281
1961 272
1962 287
1963 285
1964 262
1965 251
1966 303
1967 254
1968 226
1969 240
1970 2885
1971 270
1972 228
1973 2035
1974 206
1975 217
1976 217
1977 213
1978 225
1979 242
1980 284
1981 2597
1982 2695
1983 2485
1984 269
1985 2765
1986 287
1987 293
1988 353
1989 323
1990 4179
1991 4367
1992 5138
1993 434
1994 3695
1995 4106
1996 3805
1997 380
1998 4006
1999 405
2000 4215
2001 46310
2002 509
2003 468
2004 547
2005 5166
2006 5075
2007 4735
2008 492
2009 488
2010 429
2011 409
2012 422
2013 3916
2014 4615
2015 4335
2016 439
2017 4035
2018 4326
2019 417
2020 4025
2021 3706
2022 387
2023 404
2024 431
